"County" "Deaths" "Population" "Area" "PctWhite" "PctBlack" "Income" "Trump" "Obama"
"Adams County, IL" 10 66578 855.2 93.7 3.7 45073 0.715517784 0.315246578
"Champaign County, IL" 24 208419 996.27 74.5 12.8 45808 0.372606395 0.520200979
"Christian County, IL" 10 33309 709.38 96.5 1.6 45145 0.687263227 0.373722926
"Cook County, IL" 1130 5203499 945.33 65.9 24.6 54548 0.214193162 0.740136937
"DeKalb County, IL" 17 104528 631.31 87.9 7.1 53375 0.44715409 0.516114091
"DuPage County, IL" 135 929368 327.5 81.7 5.1 78487 0.39802242 0.497040333
"Franklin County, IL" 14 39156 408.89 97.5 0.5 36273 0.706901203 0.404952211
"Grundy County, IL" 14 50437 418.04 96.1 1.5 64541 0.586125552 0.444693644
"Jackson County, IL" 12 58870 584.08 78.2 14.8 33479 0.444285773 0.533553563
"Kane County, IL" 63 531715 520.06 87.2 6 69530 0.424222222 0.496212513
"Kankakee County, IL" 18 110008 676.56 81.3 15.4 50102 0.538727554 0.474654581
"Kendall County, IL" 26 124695 320.34 88.1 6.2 81765 0.475292729 0.471093646
"Lake County, IL" 92 703047 443.67 82.7 7.4 77469 0.369951017 0.533573682
"LaSalle County, IL" 20 110642 1135.12 95.3 2.2 52640 0.542221397 0.488334111
"Livingston County, IL" 11 36526 1044.29 92.5 5.4 54614 0.675476948 0.333843798
"McHenry County, IL" 57 307004 603.17 94 1.4 76145 0.507452995 0.446825712
"McLean County, IL" 26 172418 1183.38 84.6 7.7 62089 0.469409456 0.434190995
"Macon County, IL" 20 106550 580.69 79.1 17 46559 0.56641922 0.465471257
"Macoupin County, IL" 10 45908 862.91 97.2 1 49590 0.648690645 0.450661193
"Madison County, IL" 72 265759 715.58 88.8 8.1 53633 0.549600475 0.481272964
"Marion County, IL" 11 38140 572.36 93.4 4 41010 0.703433735 0.394837233
"Ogle County, IL" 13 51273 758.57 96.8 1.1 54541 0.602739726 0.407163054
"Peoria County, IL" 37 185006 619.21 75.1 18 50712 0.455676757 0.513066872
"Rock Island County, IL" 18 144784 427.64 85 9.6 48702 0.428276508 0.6023582
"St. Clair County, IL" 43 262759 657.76 65.7 30.4 50578 0.448645565 0.563858455
"Sangamon County, IL" 34 197499 868.3 83.4 12.2 55449 0.516450369 0.446241705
"Tazewell County, IL" 24 134385 648.97 96.3 1.3 56067 0.609657916 0.400390785
"Vermilion County, IL" 24 78111 898.37 83.3 13.4 41400 0.623577972 0.41192215
"Will County, IL" 132 689529 836.91 81 11.6 76147 0.445778496 0.510684479
"Williamson County, IL" 15 67560 420.15 92.8 4.2 43125 0.684329451 0.365280787
"Winnebago County, IL" 109 285873 513.36 81.7 12.7 47072 0.47707185 0.51966822
"Allen County, IN" 75 370404 657.31 81.4 12.2 49370 0.574818056 0.408688228
"Bartholomew County, IN" 14 81402 406.91 90.6 2.3 54165 0.637160764 0.362364821
"Boone County, IN" 22 64653 422.91 94.8 1.4 67255 0.613018933 0.300306583
"Clark County, IN" 56 116031 372.86 89.1 7.3 50496 0.587273012 0.441438953
"Dearborn County, IN" 17 49331 305.03 97.5 0.7 56946 0.757423672 0.292009664
"Delaware County, IN" 39 115603 392.12 89.4 7.1 37474 0.541779458 0.503739649
"Elkhart County, IN" 25 203781 463.17 89.9 6.1 45693 0.641385552 0.359697792
"Fayette County, IN" 16 23331 215.01 97 1.6 37391 0.717628541 0.403017241
"Floyd County, IN" 26 76990 147.94 91.3 5.3 53961 0.57560779 0.419607176
"Grant County, IN" 19 66937 414.07 89.3 7.2 39747 0.67391735 0.379642094
"Hamilton County, IN" 37 316373 394.27 88.5 4 82468 0.56824188 0.320124559
"Hancock County, IN" 13 73717 306.02 95.3 2.2 62981 0.695311849 0.283991697
"Harrison County, IN" 15 39826 484.52 97.6 0.6 50510 0.701262953 0.374022441
"Hendricks County, IN" 29 160610 406.91 89.8 5.8 68297 0.642137713 0.316864394
"Howard County, IN" 16 82568 293.06 88.8 7.2 43590 0.644147576 0.417113334
"Jackson County, IN" 12 44013 509.31 96 1 46501 0.733344741 0.349497126
"Johnson County, IN" 37 151982 320.43 94.2 1.7 61231 0.686345861 0.297758098
"Kosciusko County, IN" 11 79092 531.38 96.3 1 50859 0.749334002 0.228436366
"Lake County, IN" 112 485846 498.96 70.7 25.5 49035 0.377358962 0.648774101
"La Porte County, IN" 32 110015 598.3 85.8 11.2 47538 0.504022759 0.552122226
"Madison County, IN" 39 129296 451.92 88.9 8.5 43120 0.603354454 0.466259075
"Marion County, IN" 326 941229 396.3 66.7 27.6 42334 0.360672446 0.602311702
"Monroe County, IN" 26 145496 394.51 87.8 3.5 40052 0.356229283 0.569278607
"Morgan County, IN" 21 69698 403.97 97.6 0.6 55354 0.759172547 0.28207851
"Porter County, IN" 48 167791 418.15 93.1 3.6 62794 0.506183653 0.509746575
"Randolph County, IN" 11 25082 452.38 97.6 0.6 40904 0.71872609 0.369846879
"St. Joseph County, IN" 60 269141 457.85 81.5 13.1 44582 0.475267697 0.510267163
"Scott County, IN" 21 23730 190.4 97.8 0.4 42898 0.670419426 0.45869665
"Tippecanoe County, IN" 32 188059 499.81 86.1 4.7 44246 0.496010724 0.469909694
"Vanderburgh County, IN" 49 181721 233.48 86.7 9.3 43540 0.561752158 0.437182391
"Vigo County, IN" 23 107931 403.31 88.3 7.1 40692 0.554070105 0.494616369
"Wayne County, IN" 36 66568 401.74 91 5 38350 0.626705767 0.41601854
"Allegan County, MI" 17 115548 825.23 95.3 1.4 52061 0.61305822 0.398260127
"Barry County, MI" 10 59702 553.09 97.2 0.5 52186 0.634297043 0.40360917
"Bay County, MI" 30 104747 442.3 95 1.7 45376 0.535158316 0.52463927
"Berrien County, MI" 35 154010 567.75 79.8 15.4 43633 0.537631118 0.46272227
"Calhoun County, MI" 47 134386 706.23 83.2 11.1 42110 0.535654748 0.502653226
"Clare County, MI" 12 30358 564.32 96.8 0.6 32668 0.635562196 0.46968574
"Clinton County, MI" 10 77888 566.41 94.2 1.9 60466 0.533354699 0.46484345
"Eaton County, MI" 22 109160 575.18 88.3 7 54115 0.495779909 0.510208931
"Genesee County, MI" 151 408615 636.98 75.2 20.8 42089 0.429163586 0.636273489
"Grand Traverse County, MI" 20 92084 464.33 95 1.3 51766 0.532685581 0.43579466
"Hillsdale County, MI" 13 45774 598.13 97.2 0.6 41759 0.708953722 0.372412347
"Ingham County, MI" 78 288051 556.12 77.9 12.2 45321 0.332294461 0.634140415
"Ionia County, MI" 15 64232 571.3 92.6 4.9 47892 0.621074192 0.42813836
"Iosco County, MI" 10 25327 549.1 96.2 0.6 36236 0.625065548 0.468267067
"Isabella County, MI" 15 71282 572.68 89.1 2.6 36372 0.486821338 0.540569675
"Jackson County, MI" 57 158460 701.67 88 8.3 46615 0.572009717 0.465949252
"Kalamazoo County, MI" 63 261654 561.66 82.4 11.2 45775 0.405117254 0.561889648
"Kent County, MI" 81 642173 846.95 83.6 10.3 51667 0.483099879 0.455490187
"Lapeer County, MI" 16 88340 643.01 96.5 1.2 52939 0.665625139 0.436629866
"Lenawee County, MI" 22 98504 749.56 94.2 2.8 47766 0.575836148 0.487998386
"Livingston County, MI" 42 188624 565.25 96.8 0.6 72359 0.621963117 0.379607795
"Macomb County, MI" 335 867730 479.22 83.6 10.5 53451 0.536302484 0.51561276
"Marquette County, MI" 22 66435 1808.4 93.8 1.8 45622 0.44520777 0.56389995
"Midland County, MI" 15 83462 516.25 94.4 1.3 53076 0.563415843 0.418101799
"Monroe County, MI" 61 149208 549.39 95 2.3 53972 0.583730314 0.499573484
"Muskegon County, MI" 37 173408 499.25 81.4 14.2 40979 0.466348523 0.584269072
"Oakland County, MI" 301 1243970 867.66 76.9 14.4 65594 0.435921327 0.536755005
"Ottawa County, MI" 42 282250 563.47 93.1 1.8 56453 0.622096902 0.324563849
"Saginaw County, MI" 43 192326 800.11 76.8 19.3 42331 0.482696023 0.555366026
"St. Clair County, MI" 74 159587 721.17 94.4 2.5 48066 0.629112496 0.458977488
"Washtenaw County, MI" 73 364709 705.97 75 12.9 59055 0.268882111 0.674749743
"Wayne County, MI" 734 1749366 612.08 54.7 39.6 41184 0.295193758 0.731172031
"Adams County, OH" 13 27907 583.87 97.6 0.5 35678 0.763355329 0.357560026
"Allen County, OH" 35 103742 402.5 83.9 12.3 42823 0.668921946 0.363102157
"Ashland County, OH" 13 53652 422.95 97.2 0.9 46548 0.713176041 0.339251238
"Ashtabula County, OH" 45 98231 701.93 93.4 3.8 40516 0.571604411 0.549627821
"Athens County, OH" 10 66186 503.6 91.5 2.8 33823 0.387101392 0.661305147
"Belmont County, OH" 23 68673 532.13 94 4.1 41534 0.678815863 0.447791165
"Brown County, OH" 19 43759 490.02 97.4 0.9 44341 0.744918752 0.365233448
"Butler County, OH" 226 377537 467.06 86.8 8 56610 0.620114949 0.361431533
"Champaign County, OH" 16 38747 428.67 94.9 2.3 49157 0.699778371 0.39098721
"Clark County, OH" 79 134786 397.47 87.3 9 43136 0.5754948 0.483165959
"Clermont County, OH" 106 203022 452.1 95.9 1.4 60365 0.683842206 0.314095426
"Clinton County, OH" 13 41902 408.68 95 2.3 46048 0.743977901 0.313576609
"Columbiana County, OH" 45 103685 531.89 95.7 2.4 42300 0.686816465 0.42927814
"Cuyahoga County, OH" 576 1249352 457.19 64.6 30.2 43804 0.308444353 0.688380604
"Darke County, OH" 22 51778 598.1 97.8 0.6 43425 0.78792 0.266457048
"Delaware County, OH" 14 196463 443.1 89.4 3.5 89757 0.556038401 0.375075262
"Erie County, OH" 37 75107 251.56 87.6 8.7 46498 0.525483256 0.548037217
"Fairfield County, OH" 29 152597 504.41 89.7 6.8 58786 0.611876613 0.411407126
"Franklin County, OH" 356 1264518 532.19 70.4 22 50877 0.34671748 0.601113796
"Fulton County, OH" 12 42514 405.44 97.5 0.6 52856 0.648480162 0.4234716
"Gallia County, OH" 14 30015 466.53 94.8 2.6 39226 0.760009533 0.358506398
"Geauga County, OH" 27 94060 400.16 97 1.4 67663 0.606881976 0.384937656
"Greene County, OH" 49 164765 413.73 86.7 7.3 58080 0.596561727 0.38270737
"Guernsey County, OH" 14 39063 522.25 96 1.5 38841 0.691012627 0.440529171
"Hamilton County, OH" 342 809099 405.91 69.2 26 48593 0.430308861 0.517939648
"Hancock County, OH" 20 75872 531.36 94.6 1.8 49589 0.675176056 0.348941042
"Highland County, OH" 22 43029 553.08 96.4 1.5 39091 0.762846082 0.336344036
"Huron County, OH" 18 58439 491.5 96.5 1.3 49404 0.654693408 0.443286124
"Jefferson County, OH" 16 66704 408.33 92 5.5 40577 0.659350475 0.462771058
"Knox County, OH" 12 60814 525.49 96.8 0.9 49750 0.668503313 0.367658773
"Lake County, OH" 102 228614 227.49 93.3 3.8 56018 0.555253125 0.483258069
"Lawrence County, OH" 31 60872 453.37 95.7 2.2 41552 0.702917261 0.413987011
"Licking County, OH" 21 172198 682.5 93.2 3.7 55114 0.621493973 0.416723713
"Logan County, OH" 17 45165 458.43 95.1 1.8 47542 0.741943162 0.330606282
"Lorain County, OH" 151 306365 491.1 87 8.8 51816 0.478185783 0.563932627
"Lucas County, OH" 173 432488 340.86 75.5 19.5 41556 0.38658417 0.643410505
"Madison County, OH" 18 43419 465.88 91 6.4 54956 0.675599857 0.38863109
"Mahoning County, OH" 89 230008 411.62 81 15.9 41058 0.468043997 0.63194155
"Marion County, OH" 29 65096 403.76 91.1 6.3 42572 0.645781347 0.451443272
"Medina County, OH" 46 177221 421.36 96.1 1.4 65951 0.602182184 0.425902374
"Miami County, OH" 40 104679 406.58 94.5 2.2 52040 0.705520042 0.312861717
"Montgomery County, OH" 332 531239 461.55 74.4 21 43401 0.483915692 0.507275845
"Muskingum County, OH" 11 86068 664.58 92.8 3.9 40524 0.651296353 0.454108027
"Ottawa County, OH" 15 40636 254.92 97.2 1 53202 0.569818784 0.511214442
"Portage County, OH" 53 161921 487.38 91.9 4.5 52697 0.526957603 0.514420025
"Preble County, OH" 23 41247 424.12 97.5 0.6 48405 0.750964591 0.30608084
"Richland County, OH" 76 121107 495.27 87.9 9.2 41835 0.666275889 0.38933767
"Ross County, OH" 46 77000 689.19 90.7 6.2 43264 0.615886721 0.479783157
"Sandusky County, OH" 23 59330 408.45 94.1 3.1 46140 0.583645557 0.497836266
"Scioto County, OH" 39 76088 610.21 94.6 2.7 35379 0.666554122 0.480698131
"Shelby County, OH" 15 48623 407.68 94.7 2.2 50427 0.785287754 0.262224912
"Stark County, OH" 128 373612 575.27 88.8 7.8 45641 0.56385631 0.488698902
"Summit County, OH" 320 540300 412.75 80.3 14.7 49669 0.438234435 0.56727926
"Trumbull County, OH" 119 201825 618.3 88.9 8.5 42880 0.511857813 0.602271461
"Tuscarawas County, OH" 16 92420 567.64 97 0.8 43739 0.651192377 0.439493163
"Warren County, OH" 64 227063 401.31 90.3 3.5 72487 0.66472071 0.295413303
"Washington County, OH" 25 60610 631.97 96.3 1.2 42834 0.68643074 0.393534273
"Wayne County, OH" 47 116470 554.93 95.9 1.6 49135 0.651328527 0.383580517
"Williams County, OH" 10 37017 420.97 97 1.1 43089 0.69110875 0.407555247
"Wood County, OH" 25 130219 617.21 93.6 2.7 52069 0.509480309 0.509884293
"Brown County, WI" 36 260401 529.71 89.3 2.5 53119 0.527008479 0.485806994
"Columbia County, WI" 17 56927 765.53 96.2 1.4 57922 0.483490969 0.563296126
"Dane County, WI" 108 531273 1197.24 86.4 5.4 61721 0.233879939 0.71121861
"Dodge County, WI" 26 88068 875.63 95 3 53075 0.622238311 0.422384461
"Eau Claire County, WI" 11 102965 637.98 93.1 1 48090 0.430861686 0.560820588
"Fond du Lac County, WI" 14 102144 719.55 95.4 1.5 53820 0.607586018 0.419657606
"Jefferson County, WI" 10 84625 556.47 96.6 1 53454 0.553090445 0.45622621
"Kenosha County, WI" 51 168183 271.99 87.9 7.2 54930 0.475107155 0.555882025
"La Crosse County, WI" 26 118122 451.69 92 1.5 51339 0.420227761 0.57951022
"Manitowoc County, WI" 11 79536 589.08 94.8 0.7 48881 0.580980721 0.479711919
"Marathon County, WI" 17 135603 1544.98 91.8 0.8 53363 0.566602275 0.464264687
"Milwaukee County, WI" 330 951448 241.4 65.6 27.1 43193 0.28988436 0.668283959
"Outagamie County, WI" 20 184526 637.52 92.2 1.2 58318 0.542012568 0.483514968
"Racine County, WI" 28 195140 332.5 84.4 11.6 54090 0.497662205 0.513780273
"Rock County, WI" 45 161620 718.14 91 5.1 49435 0.419532801 0.610946782
"Sauk County, WI" 16 63949 830.9 95.9 0.8 52140 0.468890333 0.588024629
"Sheboygan County, WI" 24 115427 511.27 91.5 1.7 52920 0.555292503 0.448160324
"Walworth County, WI" 18 102959 555.13 96.1 1.2 54020 0.570456793 0.431967764
"Washington County, WI" 25 134296 430.7 96.3 1 66159 0.678448706 0.294508516
"Waukesha County, WI" 63 398424 549.57 93.9 1.4 75850 0.615903906 0.321950026
"Winnebago County, WI" 24 169886 434.49 93.1 1.9 51010 0.505832906 0.511293265
"Wood County, WI" 15 73107 793.12 95.5 0.7 47685 0.570163343 0.478458284
